ONE
60, 80, 50, 70, 85, 32, 94, 81, 45, 65, 91, 82
TWO
1, 25, 18, 22, 23, 16, 5, 33, 21, 27, 23, 102
THREE
55, 54, 52, 56, 58, 52, 51, 59, 58, 50, 54, 55
FOUR
60, 80, 50, 70, 85, 32, 94, 81, 45, 65, 91, 82
FIVE
1, 25, 18, 22, 23, 16, 5, 33, 21, 27, 23, 102
SIX
60, 80, 50, 70, 85, 32, 94, 81, 45, 65, 91, 82
SEVEN
1, 25, 18, 22, 23, 16, 5, 33, 21, 27, 23, 102
EIGHT
55, 54, 52, 56, 58, 52, 51, 59, 58, 50, 54, 55
NINE
60, 80, 50, 70, 85, 32, 94, 81, 45, 65, 91, 82
TEN
1, 25, 18, 22, 23, 16, 5, 33, 21, 27, 23, 102
ELEVEN
60, 80, 50, 70, 85, 32, 94, 81, 45, 65, 91, 82
TWELVE
1, 25, 18, 22, 23, 16, 5, 33, 21, 27, 23, 102
THIRTEEN
55, 54, 52, 56, 58, 52, 51, 59, 58, 50, 54, 55
FOURTEEN
60, 80, 50, 70, 85, 32, 94, 81, 45, 65, 91, 82
FIFTEEN
1, 25, 18, 22, 23, 16, 5, 33, 21, 27, 23, 102
